2026年1月1日 ~ 2026-06-30
大区          签单台        签单额    排产台        排产额    发货台        发货额
--------------------------------------------------------------
俄罗斯        2224      47,534    1107      18,512     847      14,916
中亚         1001       7,818     340       2,601     191       1,584
亚洲1         809      18,507     277       9,849     265       8,885
亚洲2         786       8,024     146       1,445      84         754
美洲         1192      19,689     518       6,376     389       4,948
中东         1062      11,920     197       1,606     131       1,111
非洲          662       5,165      33         341      43         468
欧洲            2          14       0           0       0           0
商贸合计        181         880     111         341      42         996
--------------------------------------------------------------
总计         7919     119,551    2729      41,072    1992      33,662
